1 1 1 1
2 1 1 2
3 1 1 3
4 1 1 4
5 1 2 1
6 1 2 2
7 1 2 3
8 1 2 4
9 1 3 1
10 1 3 2
11 1 3 3
12 1 3 4
13 1 4 1
14 1 4 2
15 1 4 3
16 1 4 4
17 2 1 1
18 2 1 2
19 2 1 3
20 2 1 4
21 2 2 1
22 2 2 2
23 2 2 3
24 2 2 4
25 2 3 1
26 2 3 2
27 2 3 3
28 2 3 4
29 2 4 1
30 2 4 2
31 2 4 3
32 2 4 4
33 3 1 1
34 3 1 2
35 3 1 3
36 3 1 4
37 3 2 1
38 3 2 2
39 3 2 3
40 3 2 4
41 3 3 1
42 3 3 2
43 3 3 3
44 3 3 4
45 3 4 1
46 3 4 2
47 3 4 3
48 3 4 4
49 4 1 1
50 4 1 2
51 4 1 3
52 4 1 4
53 4 2 1
54 4 2 2
55 4 2 3
56 4 2 4
57 4 3 1
58 4 3 2
59 4 3 3
60 4 3 4
61 4 4 1
62 4 4 2
63 4 4 3
64 4 4 4
