1 1 1 1
2 1 1 2
3 1 1 3
4 1 1 4
5 1 1 5
6 1 2 1
7 1 2 2
8 1 2 3
9 1 2 4
10 1 2 5
11 1 3 1
12 1 3 2
13 1 3 3
14 1 3 4
15 1 3 5
16 1 4 1
17 1 4 2
18 1 4 3
19 1 4 4
20 1 4 5
21 1 5 1
22 1 5 2
23 1 5 3
24 1 5 4
25 1 5 5
26 2 1 1
27 2 1 2
28 2 1 3
29 2 1 4
30 2 1 5
31 2 2 1
32 2 2 2
33 2 2 3
34 2 2 4
35 2 2 5
36 2 3 1
37 2 3 2
38 2 3 3
39 2 3 4
40 2 3 5
41 2 4 1
42 2 4 2
43 2 4 3
44 2 4 4
45 2 4 5
46 2 5 1
47 2 5 2
48 2 5 3
49 2 5 4
50 2 5 5
51 3 1 1
52 3 1 2
53 3 1 3
54 3 1 4
55 3 1 5
56 3 2 1
57 3 2 2
58 3 2 3
59 3 2 4
60 3 2 5
61 3 3 1
62 3 3 2
63 3 3 3
64 3 3 4
65 3 3 5
66 3 4 1
67 3 4 2
68 3 4 3
69 3 4 4
70 3 4 5
71 3 5 1
72 3 5 2
73 3 5 3
74 3 5 4
75 3 5 5
76 4 1 1
77 4 1 2
78 4 1 3
79 4 1 4
80 4 1 5
81 4 2 1
82 4 2 2
83 4 2 3
84 4 2 4
85 4 2 5
86 4 3 1
87 4 3 2
88 4 3 3
89 4 3 4
90 4 3 5
91 4 4 1
92 4 4 2
93 4 4 3
94 4 4 4
95 4 4 5
96 4 5 1
97 4 5 2
98 4 5 3
99 4 5 4
100 4 5 5
101 5 1 1
102 5 1 2
103 5 1 3
104 5 1 4
105 5 1 5
106 5 2 1
107 5 2 2
108 5 2 3
109 5 2 4
110 5 2 5
111 5 3 1
112 5 3 2
113 5 3 3
114 5 3 4
115 5 3 5
116 5 4 1
117 5 4 2
118 5 4 3
119 5 4 4
120 5 4 5
121 5 5 1
122 5 5 2
123 5 5 3
124 5 5 4
125 5 5 5
